1301
1301
1301
1301
1301
1301
1301
1302
1302
1302
1302
1302
1302
1302
1303
1303
1303
1303
1303
1303
1303
1304
1304
1304
1304
1304
1304
1304
1305
1305
1305
1305
1305
1305
1305
1306
1306
1306
1306
1306
1306
1306
1307
1307
1307
1307
1307
1307
1307
1308
1308
1308
1308
1308
1308
1308
1309
1309
1309
1309
1309
1309
1309
1310
1310
1310
1310
1310
1310
1310
1311
1311
1311
1311
1311
1311
1311
1312
1312
1312
1312
1312
1312
1312
1313
1313
1313
1313
1313
1313
1313
1314
1314
1314
1314
1314
1314
1314
1315
1315
1315
1315
1315
1315
1315
1316
1316
1316
1316
1316
1316
1316
1317
1317
1317
1317
1317
1317
1317
1318
1318
1318
1318
1318
1318
1318
1319
1319
1319
1319
1319
1319
1319
1320
1320
1320
1320
1320
1320
1320
1321
1321
1321
1321
1321
1321
1321
1322
1322
1322
1322
1322
1322
1322
1323
1323
1323
1323
1323
1323
1323
1324
1324
1324
1324
1324
1324
1324
1325
1325
1325
1325
1325
1325
1325
1326
1326
1326
1326
1326
1326
1326
1327
1327
1327
1327
1327
1327
1327
1328
1328
1328
1328
1328
1328
1328
1329
1329
1329
1329
1329
1329
1329
1330
1330
1330
1330
1330
1330
1330
1331
1331
1331
1331
1331
1331
1331
1332
1332
1332
1332
1332
1332
1332
1333
1333
1333
1333
1333
1333
1333
1334
1334
1334
1334
1334
1334
1334
1335
1335
1335
1335
1335
1335
1335
1336
1336
1336
1336
1336
1336
1336
1337
1337
1337
1337
1337
1337
1337
1338
1338
1338
1338
1338
1338
1338
1339
1339
1339
1339
1339
1339
1339
1340
1340
1340
1340
1340
1340
1340
1341
1341
1341
1341
1341
1341
1341
1401
1401
1401
1401
1401
1401
1401
1402
1402
1402
1402
1402
1402
1402
1403
1403
1403
1403
1403
1403
1403
1404
1404
1404
1404
1404
1404
1404
1405
1405
1405
1405
1405
1405
1405
1406
1406
1406
1406
1406
1406
1406
1407
1407
1407
1407
1407
1407
1407
1408
1408
1408
1408
1408
1408
1408
1409
1409
1409
1409
1409
1409
1409
1410
1410
1410
1410
1410
1410
1410
1411
1411
1411
1411
1411
1411
1411
1412
1412
1412
1412
1412
1412
1412
1413
1413
1413
1413
1413
1413
1413
1414
1414
1414
1414
1414
1414
1414
1415
1415
1415
1415
1415
1415
1415
1416
1416
1416
1416
1416
1416
1416
1417
1417
1417
1417
1417
1417
1417
1418
1418
1418
1418
1418
1418
1418
1419
1419
1419
1419
1419
1419
1419
1420
1420
1420
1420
1420
1420
1420
1421
1421
1421
1421
1421
1421
1421
1422
1422
1422
1422
1422
1422
1422
1423
1423
1423
1423
1423
1423
1423
1424
1424
1424
1424
1424
1424
1424
1425
1425
1425
1425
1425
1425
1425
1426
1426
1426
1426
1426
1426
1426
1427
1427
1427
1427
1427
1427
1427
1428
1428
1428
1428
1428
1428
1428
1429
1429
1429
1429
1429
1429
1429
1430
1430
1430
1430
1430
1430
1430
1431
1431
1431
1431
1431
1431
1431
1432
1432
1432
1432
1432
1432
1432
1433
1433
1433
1433
1433
1433
1433
1434
1434
1434
1434
1434
1434
1434
1435
1435
1435
1435
1435
1435
1435
1436
1436
1436
1436
1436
1436
1436
1437
1437
1437
1437
1437
1437
1437
1438
1438
1438
1438
1438
1438
1438
1439
1439
1439
1439
1439
1439
1439
1440
1440
1440
1440
1440
1440
1440
1441
1441
1441
1441
1441
1441
1441
1501
1501
1501
1501
1501
1501
1501
1502
1502
1502
1502
1502
1502
1502
1503
1503
1503
1503
1503
1503
1503
1504
1504
1504
1504
1504
1504
1504
1505
1505
1505
1505
1505
1505
1505
1506
1506
1506
1506
1506
1506
1506
1507
1507
1507
1507
1507
1507
1507
1508
1508
1508
1508
1508
1508
1508
1509
1509
1509
1509
1509
1509
1509
1510
1510
1510
1510
1510
1510
1510
1511
1511
1511
1511
1511
1511
1511
1512
1512
1512
1512
1512
1512
1512
1513
1513
1513
1513
1513
1513
1513
1514
1514
1514
1514
1514
1514
1514
1515
1515
1515
1515
1515
1515
1515
1516
1516
1516
1516
1516
1516
1516
1517
1517
1517
1517
1517
1517
1517
1518
1518
1518
1518
1518
1518
1518
1519
1519
1519
1519
1519
1519
1519
1520
1520
1520
1520
1520
1520
1520
1521
1521
1521
1521
1521
1521
1521
1522
1522
1522
1522
1522
1522
1522
1523
1523
1523
1523
1523
1523
1523
1524
1524
1524
1524
1524
1524
1524
1525
1525
1525
1525
1525
1525
1525
1526
1526
1526
1526
1526
1526
1526
1527
1527
1527
1527
1527
1527
1527
1528
1528
1528
1528
1528
1528
1528
1529
1529
1529
1529
1529
1529
1529
1530
1530
1530
1530
1530
1530
1530
1531
1531
1531
1531
1531
1531
1531
1532
1532
1532
1532
1532
1532
1532
1533
1533
1533
1533
1533
1533
1533
1534
1534
1534
1534
1534
1534
1534
1535
1535
1535
1535
1535
1535
1535
1536
1536
1536
1536
1536
1536
1536
1537
1537
1537
1537
1537
1537
1537
1538
1538
1538
1538
1538
1538
1538
1539
1539
1539
1539
1539
1539
1539
1540
1540
1540
1540
1540
1540
1540
1541
1541
1541
1541
1541
1541
1541
1601
1601
1601
1601
1601
1601
1601
1602
1602
1602
1602
1602
1602
1602
1603
1603
1603
1603
1603
1603
1603
1604
1604
1604
1604
1604
1604
1604
1605
1605
1605
1605
1605
1605
1605
1606
1606
1606
1606
1606
1606
1606
1607
1607
1607
1607
1607
1607
1607
1608
1608
1608
1608
1608
1608
1608
1609
1609
1609
1609
1609
1609
1609
1610
1610
1610
1610
1610
1610
1610
1611
1611
1611
1611
1611
1611
1611
1612
1612
1612
1612
1612
1612
1612
1613
1613
1613
1613
1613
1613
1613
1614
1614
1614
1614
1614
1614
1614
1615
1615
1615
1615
1615
1615
1615
1616
1616
1616
1616
1616
1616
1616
1617
1617
1617
1617
1617
1617
1617
1618
1618
1618
1618
1618
1618
1618
1619
1619
1619
1619
1619
1619
1619
1620
1620
1620
1620
1620
1620
1620
1621
1621
1621
1621
1621
1621
1621
1622
1622
1622
1622
1622
1622
1622
1623
1623
1623
1623
1623
1623
1623
1624
1624
1624
1624
1624
1624
1624
1625
1625
1625
1625
1625
1625
1625
1626
1626
1626
1626
1626
1626
1626
1627
1627
1627
1627
1627
1627
1627
1628
1628
1628
1628
1628
1628
1628
1629
1629
1629
1629
1629
1629
1629
1630
1630
1630
1630
1630
1630
1630
1631
1631
1631
1631
1631
1631
1631
1632
1632
1632
1632
1632
1632
1632
1633
1633
1633
1633
1633
1633
1633
1634
1634
1634
1634
1634
1634
1634
1635
1635
1635
1635
1635
1635
1635
1636
1636
1636
1636
1636
1636
1636
1637
1637
1637
1637
1637
1637
1637
1638
1638
1638
1638
1638
1638
1638
1639
1639
1639
1639
1639
1639
1639
1640
1640
1640
1640
1640
1640
1640
1641
1641
1641
1641
1641
1641
1641
