1701
1701
1701
1701
1701
1701
1701
1702
1702
1702
1702
1702
1702
1702
1703
1703
1703
1703
1703
1703
1703
1704
1704
1704
1704
1704
1704
1704
1705
1705
1705
1705
1705
1705
1705
1706
1706
1706
1706
1706
1706
1706
1707
1707
1707
1707
1707
1707
1707
1708
1708
1708
1708
1708
1708
1708
1709
1709
1709
1709
1709
1709
1709
1710
1710
1710
1710
1710
1710
1710
1711
1711
1711
1711
1711
1711
1711
1712
1712
1712
1712
1712
1712
1712
1713
1713
1713
1713
1713
1713
1713
1714
1714
1714
1714
1714
1714
1714
1715
1715
1715
1715
1715
1715
1715
1716
1716
1716
1716
1716
1716
1716
1717
1717
1717
1717
1717
1717
1717
1718
1718
1718
1718
1718
1718
1718
1719
1719
1719
1719
1719
1719
1719
1720
1720
1720
1720
1720
1720
1720
1721
1721
1721
1721
1721
1721
1721
1722
1722
1722
1722
1722
1722
1722
1723
1723
1723
1723
1723
1723
1723
1724
1724
1724
1724
1724
1724
1724
1725
1725
1725
1725
1725
1725
1725
1726
1726
1726
1726
1726
1726
1726
1727
1727
1727
1727
1727
1727
1727
1728
1728
1728
1728
1728
1728
1728
1729
1729
1729
1729
1729
1729
1729
1730
1730
1730
1730
1730
1730
1730
1731
1731
1731
1731
1731
1731
1731
1732
1732
1732
1732
1732
1732
1732
1733
1733
1733
1733
1733
1733
1733
1734
1734
1734
1734
1734
1734
1734
1735
1735
1735
1735
1735
1735
1735
1736
1736
1736
1736
1736
1736
1736
1737
1737
1737
1737
1737
1737
1737
1738
1738
1738
1738
1738
1738
1738
1739
1739
1739
1739
1739
1739
1739
1740
1740
1740
1740
1740
1740
1740
1741
1741
1741
1741
1741
1741
1741
1742
1742
1742
1742
1742
1742
1742
1743
1743
1743
1743
1743
1743
1743
1744
1744
1744
1744
1744
1744
1744
1745
1745
1745
1745
1745
1745
1745
1746
1746
1746
1746
1746
1746
1746
1747
1747
1747
1747
1747
1747
1747
1748
1748
1748
1748
1748
1748
1748
1749
1749
1749
1749
1749
1749
1749
1801
1801
1801
1801
1801
1801
1801
1802
1802
1802
1802
1802
1802
1802
1803
1803
1803
1803
1803
1803
1803
1804
1804
1804
1804
1804
1804
1804
1805
1805
1805
1805
1805
1805
1805
1806
1806
1806
1806
1806
1806
1806
1807
1807
1807
1807
1807
1807
1807
1808
1808
1808
1808
1808
1808
1808
1809
1809
1809
1809
1809
1809
1809
1810
1810
1810
1810
1810
1810
1810
1811
1811
1811
1811
1811
1811
1811
1812
1812
1812
1812
1812
1812
1812
1813
1813
1813
1813
1813
1813
1813
1814
1814
1814
1814
1814
1814
1814
1815
1815
1815
1815
1815
1815
1815
1816
1816
1816
1816
1816
1816
1816
1817
1817
1817
1817
1817
1817
1817
1818
1818
1818
1818
1818
1818
1818
1819
1819
1819
1819
1819
1819
1819
1820
1820
1820
1820
1820
1820
1820
1821
1821
1821
1821
1821
1821
1821
1822
1822
1822
1822
1822
1822
1822
1823
1823
1823
1823
1823
1823
1823
1824
1824
1824
1824
1824
1824
1824
1825
1825
1825
1825
1825
1825
1825
1826
1826
1826
1826
1826
1826
1826
1827
1827
1827
1827
1827
1827
1827
1828
1828
1828
1828
1828
1828
1828
1829
1829
1829
1829
1829
1829
1829
1830
1830
1830
1830
1830
1830
1830
1831
1831
1831
1831
1831
1831
1831
1832
1832
1832
1832
1832
1832
1832
1833
1833
1833
1833
1833
1833
1833
1834
1834
1834
1834
1834
1834
1834
1835
1835
1835
1835
1835
1835
1835
1836
1836
1836
1836
1836
1836
1836
1837
1837
1837
1837
1837
1837
1837
1838
1838
1838
1838
1838
1838
1838
1839
1839
1839
1839
1839
1839
1839
1840
1840
1840
1840
1840
1840
1840
1841
1841
1841
1841
1841
1841
1841
1842
1842
1842
1842
1842
1842
1842
1843
1843
1843
1843
1843
1843
1843
1844
1844
1844
1844
1844
1844
1844
1845
1845
1845
1845
1845
1845
1845
1846
1846
1846
1846
1846
1846
1846
1847
1847
1847
1847
1847
1847
1847
1848
1848
1848
1848
1848
1848
1848
1849
1849
1849
1849
1849
1849
1849
1901
1901
1901
1901
1901
1901
1901
1902
1902
1902
1902
1902
1902
1902
1903
1903
1903
1903
1903
1903
1903
1904
1904
1904
1904
1904
1904
1904
1905
1905
1905
1905
1905
1905
1905
1906
1906
1906
1906
1906
1906
1906
1907
1907
1907
1907
1907
1907
1907
1908
1908
1908
1908
1908
1908
1908
1909
1909
1909
1909
1909
1909
1909
1910
1910
1910
1910
1910
1910
1910
1911
1911
1911
1911
1911
1911
1911
1912
1912
1912
1912
1912
1912
1912
1913
1913
1913
1913
1913
1913
1913
1914
1914
1914
1914
1914
1914
1914
1915
1915
1915
1915
1915
1915
1915
1916
1916
1916
1916
1916
1916
1916
1917
1917
1917
1917
1917
1917
1917
1918
1918
1918
1918
1918
1918
1918
1919
1919
1919
1919
1919
1919
1919
1920
1920
1920
1920
1920
1920
1920
1921
1921
1921
1921
1921
1921
1921
1922
1922
1922
1922
1922
1922
1922
1923
1923
1923
1923
1923
1923
1923
1924
1924
1924
1924
1924
1924
1924
1925
1925
1925
1925
1925
1925
1925
1926
1926
1926
1926
1926
1926
1926
1927
1927
1927
1927
1927
1927
1927
1928
1928
1928
1928
1928
1928
1928
1929
1929
1929
1929
1929
1929
1929
1930
1930
1930
1930
1930
1930
1930
1931
1931
1931
1931
1931
1931
1931
1932
1932
1932
1932
1932
1932
1932
1933
1933
1933
1933
1933
1933
1933
1934
1934
1934
1934
1934
1934
1934
1935
1935
1935
1935
1935
1935
1935
1936
1936
1936
1936
1936
1936
1936
1937
1937
1937
1937
1937
1937
1937
1938
1938
1938
1938
1938
1938
1938
1939
1939
1939
1939
1939
1939
1939
1940
1940
1940
1940
1940
1940
1940
1941
1941
1941
1941
1941
1941
1941
1942
1942
1942
1942
1942
1942
1942
1943
1943
1943
1943
1943
1943
1943
1944
1944
1944
1944
1944
1944
1944
1945
1945
1945
1945
1945
1945
1945
1946
1946
1946
1946
1946
1946
1946
1947
1947
1947
1947
1947
1947
1947
1948
1948
1948
1948
1948
1948
1948
1949
1949
1949
1949
1949
1949
1949
2001
2001
2001
2001
2001
2001
2001
2002
2002
2002
2002
2002
2002
2002
2003
2003
2003
2003
2003
2003
2003
2004
2004
2004
2004
2004
2004
2004
2005
2005
2005
2005
2005
2005
2005
2006
2006
2006
2006
2006
2006
2006
2007
2007
2007
2007
2007
2007
2007
2008
2008
2008
2008
2008
2008
2008
2009
2009
2009
2009
2009
2009
2009
2010
2010
2010
2010
2010
2010
2010
2011
2011
2011
2011
2011
2011
2011
2012
2012
2012
2012
2012
2012
2012
2013
2013
2013
2013
2013
2013
2013
2014
2014
2014
2014
2014
2014
2014
2015
2015
2015
2015
2015
2015
2015
2016
2016
2016
2016
2016
2016
2016
2017
2017
2017
2017
2017
2017
2017
2018
2018
2018
2018
2018
2018
2018
2019
2019
2019
2019
2019
2019
2019
2020
2020
2020
2020
2020
2020
2020
2021
2021
2021
2021
2021
2021
2021
2022
2022
2022
2022
2022
2022
2022
2023
2023
2023
2023
2023
2023
2023
2024
2024
2024
2024
2024
2024
2024
2025
2025
2025
2025
2025
2025
2025
2026
2026
2026
2026
2026
2026
2026
2027
2027
2027
2027
2027
2027
2027
2028
2028
2028
2028
2028
2028
2028
2029
2029
2029
2029
2029
2029
2029
2030
2030
2030
2030
2030
2030
2030
2031
2031
2031
2031
2031
2031
2031
2032
2032
2032
2032
2032
2032
2032
2033
2033
2033
2033
2033
2033
2033
2034
2034
2034
2034
2034
2034
2034
2035
2035
2035
2035
2035
2035
2035
2036
2036
2036
2036
2036
2036
2036
2037
2037
2037
2037
2037
2037
2037
2038
2038
2038
2038
2038
2038
2038
2039
2039
2039
2039
2039
2039
2039
2040
2040
2040
2040
2040
2040
2040
2041
2041
2041
2041
2041
2041
2041
2042
2042
2042
2042
2042
2042
2042
2043
2043
2043
2043
2043
2043
2043
2044
2044
2044
2044
2044
2044
2044
2045
2045
2045
2045
2045
2045
2045
2046
2046
2046
2046
2046
2046
2046
2047
2047
2047
2047
2047
2047
2047
2048
2048
2048
2048
2048
2048
2048
2049
2049
2049
2049
2049
2049
2049
